background_7.png
new_polygone
0
1.0
1.0
1.0
1.0
1.0
615.0
1278.0
618.0
1276.0
720.0
0.0
716.0
new_polygone
1
1.0
1.0
1.0
1.0
120.0
205.0
397.0
206.0
396.0
255.0
122.0
254.0
new_polygone
1
1.0
1.0
1.0
1.0
492.0
357.0
726.0
365.0
726.0
403.0
497.0
394.0
new_polygone
1
1.0
1.0
1.0
1.0
779.0
136.0
993.0
137.0
993.0
175.0
782.0
171.0
new_polygone
1
1.0
1.0
1.0
1.0
193.0
614.0
198.0
587.0
201.0
565.0
200.0
541.0
198.0
513.0
193.0
494.0
190.0
484.0
201.0
480.0
210.0
477.0
218.0
476.0
228.0
479.0
225.0
495.0
224.0
505.0
223.0
517.0
221.0
533.0
222.0
554.0
222.0
567.0
223.0
584.0
224.0
593.0
228.0
605.0
237.0
614.0
new_polygone
0
1.0
1.0
1.0
1.0
187.0
487.0
169.0
497.0
156.0
495.0
151.0
477.0
158.0
470.0
165.0
463.0
151.0
463.0
139.0
467.0
118.0
467.0
118.0
455.0
125.0
447.0
135.0
437.0
145.0
436.0
140.0
432.0
135.0
432.0
116.0
432.0
114.0
432.0
112.0
429.0
107.0
410.0
113.0
405.0
117.0
400.0
125.0
398.0
135.0
397.0
144.0
397.0
120.0
395.0
120.0
387.0
125.0
353.0
133.0
348.0
146.0
348.0
156.0
348.0
168.0
350.0
178.0
354.0
182.0
354.0
205.0
347.0
225.0
341.0
232.0
342.0
244.0
365.0
244.0
379.0
243.0
404.0
261.0
373.0
278.0
364.0
299.0
370.0
329.0
380.0
338.0
421.0
333.0
454.0
329.0
457.0
316.0
460.0
307.0
466.0
299.0
470.0
291.0
486.0
280.0
488.0
247.0
488.0
228.0
488.0
new_polygone
3
1.0
1.0
1.0
1.0
923.0
366.0
925.0
615.0
1268.0
614.0
1258.0
357.0
1197.0
420.0
1150.0
464.0
1085.0
465.0
1039.0
459.0
997.0
432.0
