background_19.jpg
new_polygone
2
1.0
1.0
1.0
1.0
10.0
374.0
34.0
314.0
59.0
254.0
74.0
229.0
99.0
222.0
120.0
222.0
143.0
232.0
161.0
251.0
177.0
261.0
197.0
268.0
228.0
271.0
254.0
274.0
272.0
277.0
294.0
291.0
317.0
297.0
356.0
307.0
382.0
328.0
389.0
343.0
393.0
356.0
412.0
378.0
428.0
385.0
452.0
388.0
467.0
394.0
468.0
404.0
468.0
417.0
473.0
442.0
470.0
445.0
461.0
449.0
422.0
459.0
389.0
466.0
330.0
466.0
282.0
468.0
244.0
468.0
209.0
468.0
159.0
468.0
130.0
468.0
102.0
478.0
99.0
516.0
99.0
543.0
101.0
573.0
103.0
603.0
107.0
614.0
124.0
630.0
167.0
636.0
206.0
647.0
232.0
649.0
273.0
649.0
307.0
649.0
366.0
650.0
409.0
651.0
448.0
650.0
466.0
650.0
500.0
644.0
548.0
636.0
596.0
625.0
630.0
617.0
655.0
601.0
656.0
575.0
660.0
528.0
681.0
510.0
691.0
500.0
711.0
494.0
755.0
480.0
783.0
472.0
796.0
471.0
810.0
495.0
814.0
535.0
812.0
605.0
796.0
645.0
777.0
662.0
755.0
678.0
707.0
686.0
647.0
691.0
551.0
686.0
525.0
687.0
485.0
691.0
446.0
691.0
411.0
691.0
363.0
691.0
321.0
686.0
284.0
686.0
224.0
671.0
231.0
720.0
189.0
720.0
154.0
720.0
155.0
720.0
78.0
720.0
33.0
720.0
0.0
720.0
new_polygone
2
1.0
1.0
1.0
1.0
712.0
255.0
764.0
239.0
810.0
228.0
876.0
223.0
922.0
216.0
958.0
212.0
1001.0
201.0
1031.0
201.0
1056.0
199.0
1103.0
196.0
1166.0
199.0
1211.0
200.0
1264.0
269.0
1263.0
324.0
1263.0
372.0
1254.0
404.0
1198.0
417.0
1122.0
420.0
1029.0
404.0
922.0
361.0
816.0
365.0
726.0
363.0
668.0
326.0
672.0
280.0
new_polygone
2
1.0
1.0
1.0
1.0
871.0
478.0
966.0
478.0
1014.0
512.0
1050.0
540.0
1076.0
549.0
1106.0
547.0
1129.0
548.0
1154.0
544.0
1184.0
523.0
1197.0
501.0
1209.0
481.0
1279.0
480.0
1276.0
719.0
843.0
720.0
new_polygone
2
1.0
1.0
1.0
1.0
517.0
641.0
517.0
563.0
531.0
562.0
532.0
638.0
new_polygone
4
1.0
1.0
1.0
1.0
386.0
603.0
383.0
650.0
450.0
650.0
448.0
600.0
new_polygone
1
1.0
1.0
1.0
1.0
412.0
378.0
409.0
305.0
415.0
305.0
418.0
379.0
new_polygone
0
1.0
1.0
1.0
1.0
409.0
304.0
387.0
303.0
371.0
288.0
368.0
260.0
368.0
242.0
373.0
234.0
387.0
227.0
403.0
226.0
425.0
227.0
436.0
232.0
446.0
244.0
448.0
254.0
449.0
270.0
451.0
291.0
451.0
301.0
447.0
314.0
432.0
317.0
419.0
310.0
new_polygone
1
1.0
1.0
1.0
1.0
739.0
247.0
729.0
161.0
758.0
152.0
768.0
239.0
new_polygone
0
1.0
1.0
1.0
1.0
732.0
161.0
687.0
161.0
670.0
142.0
663.0
121.0
673.0
87.0
692.0
74.0
717.0
65.0
749.0
58.0
799.0
59.0
829.0
77.0
829.0
98.0
829.0
123.0
818.0
142.0
793.0
148.0
761.0
157.0
