back_23.jpg
new_polygone
0
1.0
1.0
1.0
1.0
76.0
113.0
504.0
110.0
508.0
158.0
338.0
169.0
333.0
328.0
341.0
419.0
374.0
474.0
492.0
476.0
530.0
453.0
551.0
436.0
573.0
479.0
572.0
521.0
527.0
544.0
445.0
565.0
369.0
565.0
313.0
510.0
278.0
456.0
267.0
411.0
259.0
339.0
259.0
303.0
260.0
241.0
259.0
223.0
253.0
190.0
254.0
183.0
216.0
183.0
158.0
185.0
121.0
185.0
95.0
185.0
84.0
182.0
new_polygone
1
1.0
1.0
1.0
1.0
849.0
106.0
765.0
119.0
673.0
139.0
633.0
185.0
607.0
240.0
593.0
308.0
599.0
382.0
609.0
439.0
626.0
493.0
634.0
523.0
647.0
544.0
692.0
556.0
752.0
580.0
826.0
588.0
864.0
587.0
919.0
587.0
944.0
580.0
971.0
543.0
979.0
482.0
981.0
450.0
971.0
411.0
934.0
379.0
856.0
378.0
825.0
378.0
774.0
391.0
780.0
430.0
817.0
437.0
871.0
432.0
920.0
433.0
932.0
445.0
926.0
493.0
917.0
515.0
884.0
515.0
827.0
513.0
786.0
505.0
749.0
500.0
719.0
487.0
708.0
422.0
709.0
370.0
724.0
307.0
742.0
282.0
756.0
269.0
777.0
251.0
787.0
247.0
825.0
237.0
875.0
228.0
926.0
226.0
953.0
215.0
917.0
151.0
903.0
119.0
new_polygone
2
1.0
1.0
1.0
1.0
995.0
78.0
951.0
86.0
996.0
247.0
1005.0
360.0
1010.0
479.0
997.0
537.0
998.0
592.0
1077.0
601.0
1191.0
611.0
1226.0
585.0
1245.0
534.0
1249.0
480.0
1256.0
397.0
1228.0
293.0
1183.0
196.0
1007.0
80.0
1020.0
140.0
1109.0
186.0
1133.0
200.0
1174.0
267.0
1180.0
299.0
1185.0
343.0
1190.0
421.0
1188.0
475.0
1183.0
522.0
1164.0
541.0
1115.0
542.0
1084.0
542.0
1063.0
538.0
1071.0
485.0
1075.0
431.0
